881543838589894656
881890849008697346
881981950956666881
881492549071912960
882071975165804544
881544960847347712
881812281071468544
882075965748158466
881759718745587712
880886158191869952
882088629555916801
881495433230659584
882092541176369152
882094256973893634
881888721074700289
881928732260286464
882015590826692608
882012203733340160
881653487293124608
882094141685075968
881911100052303873
882085151517405191
882092956534099968
882090600589389824
881800087105527808
881943287107604480
882081509133438976
882042106004488192
882076081762783233
881754488239005696
882092274909368320
878659137164513281
881920547290050561
880943183789555713
882010775971389442
879134689616961536
882094231975800832
881965619473776642
881575431748694016
882071898015903744
882077981790748672
879733810388226048
882081090764247040
881845257234784257
882088604079603712
881874499498594304
882068956022022148
881962812183953408
882091566239764480
881586211604844545
882009882680893444
882009789664047104
881877138479214594
881965280347410432
881497799614803968
882094160622256129
874174446923153409
882090515524661248
881900256803336192
882041400036032512
881962140831277056
881054140021051392
881643502605488129
866469940882096129
882028007115943942
881989071249313794
882053111350648836
881649347439595520
881935591419428864
881922428598976513
881825141176578048
880792048147804161
882086817125859331
882093598237274112
876848987227082752
882093623885561856
882089934294745088
882088298122006528
881976447191134209
881857060903821314
882011753265192960
881974655418085379
881866216259899392
882093121462337536
868142900244303873
882087444895731712
879510640901201921
881943227426893825
882028295692443651
882089598490337280
870750153774419969
881915523729989632
881921643752300544
882089838656315392
880818220424462336
871804844553711617
881950676514766852
882062606726549505
882090053337534465
882073040644960257
882090787571343360
881915812394565632
882090839815618560
881721641620963329
881949715390246913
882099469759729670
880782010255650816
881681142159683584
880908970264866818
881925000667770880
882028195708620800
881909138950950912
882096542106230784
880117249792778240
881990874497986560
880926196883738625
879746630903369728
882043672996356096
882099656343375872
881544693296713728
881394787248746497
879972709031129088
882018329875042304
880833560336371712
880569664807387137
881946703506558978
882101139789033476
881951046171545601
882100525591912451
881310957041012736
880507146646863872
882100737110626304
881921124061392899
881958225171673089
880637543376605184
870773488063270914
881638025113063424
881997949667901440
882101706124808192
882100918040248321
882100031691649024
866670289316433921
878832693965934592
879157213738160128
882101828967596032
882100114428440576
882099203467390976
881984570022875136
881966666015539201
881951987335544833
881868841743245312
881872515445829633
882015501844656128
880833753836335110
881961680531591170
880138759311835136
881863860071870466
881709867832037377
880833933470031874
879552619970211843
861071007515238400
881735506723319809
881988475221753856
882101154959765504
881973662626271232
880069249598988288
882101173293109248
881929686288396291
880667309966331905
881897892050599939
881949515124703236
881620271320506374
881662713499443200
881976949035356161
881261947446013961
882096364485738496
881920213830123520
882100469988028417
882097756164112386
882099939031101440
881752755987243008
881210984790204417
881687438258843648
321299611128041472
882098335745679360
881702580384026624
881146139084554240
881147656860569600
882095217108758529
882098962576146432
882083666637320194
879623473848561664
881577937350397952
881393431402041344
879255413644029952
878291073088368641
880688698295242753
882344121695846400
882313948824875008
882380748661153793
882272622276481028
881868569310572546
879418074511937536
880526633584689155
881778291140685824
882343263658704896
881841637869191168
882051373377966081
882374247468875776
882373823596642304
879804537212633088
882274051640541184
882362134675550208
882384592044523520
882152043896594433
882334329883545601
880164434580254721
882326893097299968
882343513656053760
882378960545259520
882267924421062657
882268776787361797
882388572929536004
880972547076100098
882095064926826497
882392278999994368
882391949445144576
882263052711800833
882258790271381504
882140673192873984
882358249348923392
882374414997827584
882267765154791428
882352966908424192
882390298755813376
882113496925786112
882387194396028928
882255033999532032
882307185169973248
881822425503207424
882357812881502208
882393240493727744
882388489538383873
882392310532722689
882392137807134720
878019472916963329
882337859402944512
882344949118779392
882325062342324225
882390937162457096
882286387373891584
882391741638332416
882391295607570432
882356860942266368
882330657690726402
882393300413685762
881884793331486720
882237187357593602
882182082516090881
882220193916874754
882317560708034561
876696219040534528
882328176894128128
880531027470503937
872319291328212993
882377326046191616
882244678330048513
823978547492622338
882254324226805760
882392415268593664
882343861057617924
880123917935026177
882377297218719744
880792780196503552
882260335612366848
882283096678256643
882312410786353152
882391102921125888
882349939329830913
881792127058890752
877171945208467458
882307485339668481
880195996898275329
882381132213387264
877428447789928448
881095429651398656
882355758926626816
882386020661993473
880240365168717824
882386282311278592
882386636306120705
880874549570678784
881930180557668352
882388060620693504
881889704312025091
882228429273300992
882384727386337281
881418265422999552
882384941777944576
882236565791150080
882017102059720706
881805386877030400
882399225090387969
881905406829789185
882366113933402112
882305530399567872
882297572005519360
881959262821462016
882400681495318529
882366983421009920
882319962584567808
882385286218473472
882198493208641536
882400268972945408
881892074081189888
882314504427552768
882286821140385792
882388678462644229
882392607678021632
882389118529003528
882397253347954688
882323625969201152
882387737294327808
882395357161955328
882355318973276161
882333851351220224
877091022299422720
882286562272096256
882399856882442240
879437957261701120
882400928892170241
877081300330524672
882302933378969601
882371419975405568
882247805980495872
882323928068362240
882397794832601088
880217373973909505
882301896538693633
468111766111944704
882285646349520901
882398481435901953
870740833112338433
882400664470646795
882250308918927362
882380491609055232
882392588015329280
881888067069652993
882256774090379264
882285819574099968
882343335679201280
880244453528682496
882397333769658368
882288742479867905
880833317116928001
882399281423962112
880182705123713025
882124790387048450
880499340690604032
880122976540123136
882379412901068800
882381158671056896
882374258508353536
881365939576610816
882343280721219584
880818210899206144
882216115425902593
882395598158266368
882253834600431617
882395614054666240
880394596248952832
881965614750994433
882404666549518337
882251697954934785
882404292396687360
882396646465691648
882247573515489280
882401987672887296
881929617069801473
881780817546141696
882359444616753152
882375315003121668
882351616266911744
882335743254908928
882404832128241664
878734332977979392
882388636725129221
882146789171900416
882401296048959488
882392718336458754
880867776331747328
882310523957768192
882146670082961408
882137596754882561
882201879463067650
881581614572027904
882316549788286976
850044968282464256
882402880011079682
882408442182475776
878522085554913280
882247197282025473
882396216922959872
882346861490716672
866846479050313730
880825868406243328
881914534616813570
882262583398588417
881840510134083584
882404176399085569
882377269444050946
878067278411055104
882360897653665792
882329355988422656
880656400535486464
882081256195883009
882242935294746624
882045529210933249
882407500221489153
882014849278119936
882406352726835201
882176060988719104
881848692680130560
881752658771456001
881734552716058624
881703812372844545
878355195507335168
881699498107392000
881652953567940609
877606100325076992
882405433561890816
882310787175526400
882404202038910976
877998062488211456
845070274089365504
882182744968749056
882413498067636225
881043972646293508
879985262092099584
882410325877903360
882415292802105345
882271583716421632
882264176999235584
882416115615399940
882308534209306627
882411776398065665
882411004063363072
882365786450534400
882298220684214276
882291121875017728
882415712672854016
880492959388585984
882412377471426560
882411379608760320
882415710034698240
882412323230539776
880934076110307329
882415537569099777
882119933177417728
882413519135805440
881164006056230912
882411215430930432
880107952799186945
882155790068482048
882316928907223040
882369696976297985
882414983799349249
882412189033910273
882403726631342081
882412920436641792
882313790443982848
882413837827420160
882300120171261952
882415835570163713
872970678533804033
881176550854586371
881362718653022208
882413272418336768
882269153503195137
882412043676008448
880067943794716674
827560808729161728
882410696042045440
882412968884948992
877520985829900292
881920477589102592
882257903780081664
880855200134713345
879720656606306304
882411736292245504
879445178456690689
842891810259288065
882411121814118400
882311482205241344
882407976824340482
678663156009476096
882226272268627968
882308048177573888
882310317279248385
882367397071646720
882408933666820099
882409123823747072
882309836083519488
881948906543775744
882388588725448704
882066532754391040
882216265493786624
882335789585182722
880808345791328257
882307977994276865
882423444020772865
877206037631299584
882423597842694145
882321900013318144
882419938782175232
882160192821104641
801803347275743233
882422060177395716
881535767000084481
882325966319702020
880801590185209857
882002793225211904
881875327139667970
882410200082272256
875070667674140672
882419906498711552
882418528246128640
882113041441071105
882284233032650753
880821427909406721
877055606061912064
881373937862668289
882056418169425922
879723944080793600
882423463713030145
882199946186838016
882284026521944065
879462912271765505
882042164531908608
882422922249469952
877647713613074432
882422859229937664
882421278841331712
882422554916528128
882306521677393922
882339502546599936
880420021499027456
882416851879415810
882419738567036928
882165051322322944
880769658252644353
882418199442014208
881844169035190272
882419385817743361
879807850800979969
882415820286169088
882324942620160001
880601852810756096
880376264225435648
871793266336944129
882265008100528129
882078263115481088
882419267425140737
882147142764285952
882422566136291328
881952093761925124
882417434493206529
882267806317912065
882430413582381056
878696913108963328
880108543403114496
882412366952108033
882430951825059840
882394650601979904
882424749850337280
882343461885804544
882427376222613505
882263942525050880
881904116632621057
882344264168026113
882429090774515713
882430192333049857
882305798050910212
881920939969007616
882176780840390656
881609927109816320
882384800027422720
882267801771225088
882431127239184385
882170865789550592
882430655992401921
881944666869964800
882314329504088064
882371993479393280
882429328545509378
882419496870346752
882295027241807872
881646171181154304
882324636276535296
882239528949383169
877596030228766720
770488275576483840
882340005238063104
882339775277146112
882283867394199564
881436815080603648
882188977188614144
877508382965583872
882423201229402112
882422511975096320
879638426055843840
882423781737861121
880797263739670530
882437046090043393
880888586496864257
882434650693554176
881838187039117312
881993227108306944
882425130386903040
882437839408947200
882284718909214720
882305082674556930
882373709419368449
882222498909085698
882299578321645570
882158863658700801
882435856774180865
882434214980964357
882404249350488064
882437661843128324
882436465694838785
882432855942418434
879226428796960768
882372245250875392
881187092776308736
878419453146431488
882349867254861825
866570583114489856
880879584736141316
882316302169153536
882437984439615489
881995958233571328
882434008583462912
882084600935264257
882238102483415041
882378584236720129
882260404482605056
882287476311810048
882436690668773376
880069145819103232
882340324684820480
882438248513114114
882437776494313472
882437315364139008
882437709947711488
882371929071468544
881249061730484224
882331988396560384
880804412205264897
882433342645448705
882430750519414784
882340224285765633
881497714038624256
